-23.920901 -46.360423
-23.919719 -46.345275
-23.930949 -46.31089
-23.935382 -46.306796
-23.950455 -46.30352
-23.978237 -46.287147
-23.985625 -46.290422
-23.992128 -46.302702
-23.972622 -46.32399
-23.96937 -46.337089
-23.972326 -46.345684
-23.970257 -46.357557
-23.979419 -46.365744
-23.970257 -46.372703
-23.97735 -46.392351
-23.974395 -46.403405
-23.968188 -46.409136
-23.95016 -46.413639
-23.938929 -46.412002
-23.939816 -46.402178
-23.935678 -46.379253
-23.923856 -46.389896
-23.918832 -46.369429
-23.920901 -46.360423
-23.920901 -46.360423
