24.679804 -75.669234
24.636067 -75.620113
24.58819 -75.618474
24.574297 -75.612744
24.552725 -75.597193
24.543859 -75.584913
24.532333 -75.578363
24.524939 -75.568941
24.467903 -75.543561
24.409972 -75.509586
24.385741 -75.488304
24.373621 -75.481754
24.344363 -75.444501
24.339929 -75.429356
24.321018 -75.403156
24.304465 -75.389237
24.300918 -75.381868
24.2823 -75.375318
24.271953 -75.362218
24.237375 -75.348712
24.234715 -75.342568
24.223189 -75.331928
24.205164 -75.320054
24.155212 -75.297539
24.136 -75.291809
24.143092 -75.302863
24.142206 -75.315549
24.151373 -75.330288
24.147827 -75.369174
24.13748 -75.402337
24.143686 -75.401923
24.143686 -75.419527
24.138961 -75.434266
24.129793 -75.443681
24.119154 -75.449411
24.112655 -75.45842
24.121229 -75.470287
24.121814 -75.49526
24.128614 -75.50918
24.145752 -75.529235
24.154618 -75.528416
24.154618 -75.51982
24.164371 -75.494441
24.185065 -75.462917
24.198958 -75.424851
24.195704 -75.416662
24.211956 -75.401517
24.231461 -75.393741
24.243289 -75.394967
24.279046 -75.409706
24.287619 -75.415843
24.295891 -75.429762
24.292939 -75.455142
24.311265 -75.47152
24.338449 -75.47725
24.365641 -75.505495
24.383081 -75.519001
24.399333 -75.528416
24.443078 -75.542748
24.462282 -75.552976
24.480316 -75.568941
24.512526 -75.581634
24.527599 -75.598005
24.528787 -75.609473
24.525826 -75.640583
24.564837 -75.632394
24.578136 -75.634439
24.594396 -75.644674
24.61626 -75.666782
24.6337 -75.699937
24.655865 -75.723678
24.647886 -75.731867
24.658232 -75.738011
24.664439 -75.751517
24.674192 -75.758886
24.675965 -75.735965
24.68069 -75.725317
24.693103 -75.710992
24.693697 -75.701577
24.679804 -75.669234
24.679804 -75.669234
