-33.825523 -58.422167
-33.568991 -58.478242
-33.499260 -58.427477
-33.358574 -58.420110
-33.271689 -58.375909
-33.159352 -58.384910
-33.096138 -58.327595
-33.058878 -58.174906
-32.996499 -58.080348
-32.458316 -58.202331
-32.366419 -58.174089
-32.320303 -58.110224
-32.250572 -58.100815
-32.159232 -58.179413
-32.030687 -58.138072
-31.867222 -58.201514
-31.819937 -58.077067
-31.756388 -58.043500
-31.581450 -57.980875
-31.462930 -58.081574
-31.387574 -57.979649
-31.316619 -57.980466
-31.072785 -57.874443
-30.918509 -57.914968
-30.918509 -57.834736
-30.867102 -57.801578
-30.686817 -57.810170
-30.583390 -57.881810
-30.514551 -57.876077
-30.343121 -57.642747
-30.175534 -57.633324
-30.192698 -57.565380
-30.250590 -57.566620
-30.284565 -57.524872
-30.265063 -57.465487
-30.304124 -57.394253
-30.257687 -57.314821
-30.292556 -57.286576
-30.267746 -57.256332
-30.290209 -57.221956
-30.085967 -57.068396
-30.096920 -56.822384
-30.158109 -56.781463
-30.206836 -56.651671
-30.293730 -56.619361
-30.314126 -56.539515
-30.359389 -56.545233
-30.384200 -56.460910
-30.499760 -56.380307
-30.522224 -56.289026
-30.583971 -56.261951
-30.618561 -56.170670
-30.739709 -56.127681
-30.786146 -56.022071
-30.884830 -55.962342
-31.015478 -55.793282
-30.943057 -55.716743
-30.945125 -55.659012
-30.869798 -55.659839
-30.836103 -55.584884
-30.959039 -55.441590
-31.003967 -55.435872
-31.042356 -55.350722
-31.132212 -55.338459
-31.142549 -55.290580
-31.251907 -55.245938
-31.331704 -55.073640
-31.269062 -55.001579
-31.378699 -54.940128
-31.382834 -54.886117
-31.441341 -54.835757
-31.423906 -54.749781
-31.458775 -54.586094
-31.526167 -54.503355
-31.653238 -54.453409
-31.931968 -54.093175
-31.903581 -54.040817
-31.922189 -53.964278
-31.954991 -53.960145
-32.000533 -53.850056
-32.058146 -53.827115
-32.095083 -53.725569
-32.174041 -53.722745
-32.295804 -53.642899
-32.384151 -53.643726
-32.451821 -53.581517
-32.484344 -53.463574
-32.580681 -53.402605
-32.620859 -53.281838
-32.603145 -53.250768
-32.740554 -53.071030
-32.774865 -53.080468
-32.786097 -53.143504
-32.848738 -53.184839
-32.896627 -53.290036
-32.917583 -53.308017
-32.935352 -53.243397
-33.006544 -53.308430
-33.054154 -53.446834
-33.155800 -53.521305
-33.689008 -53.531984
-33.693143 -53.440702
-33.747794 -53.416935
-33.744543 -53.372318
-33.786798 -53.455384
-33.973299 -53.555325
-34.030924 -53.531592
-34.238397 -53.784951
-34.306379 -53.812768
-34.340370 -53.784566
-34.394451 -53.800516
-34.539854 -54.102574
-34.654242 -54.176702
-34.723399 -54.451405
-34.830386 -54.647435
-34.880923 -54.887386
-34.948005 -54.960666
-34.896587 -54.978235
-34.850769 -55.081412
-34.878554 -55.245541
-34.791069 -55.394104
-34.765654 -55.623345
-34.782493 -55.778149
-34.903969 -56.162118
-34.876185 -56.311529
-34.811471 -56.428962
-34.775699 -56.400759
-34.722793 -56.489990
-34.731957 -56.566968
-34.637384 -56.882126
-34.416322 -57.158062
-34.402421 -57.467132
-34.430205 -57.540027
-34.403908 -57.616158
-34.463315 -57.768805
-34.458283 -57.853952
-34.323512 -57.921067
-34.173371 -58.069707
-34.149737 -58.202706
-34.055164 -58.228134
-33.903260 -58.397579
-33.825523 -58.422167
