-33.825523 -58.422167
-33.812546 -58.427069
-33.79244 -58.430759
-33.774116 -58.430759
-33.721484 -58.427886
-33.696366 -58.430759
-33.67392 -58.4369
-33.636103 -58.462283
-33.626914 -58.466368
-33.584975 -58.477833
-33.568991 -58.478242
-33.556571 -58.472918
-33.542368 -58.457775
-33.517584 -58.438126
-33.49926 -58.427477
-33.47442 -58.424209
-33.452866 -58.427069
-33.424461 -58.43321
-33.382189 -58.421336
-33.358574 -58.42011
-33.339916 -58.413969
-33.307446 -58.390234
-33.285836 -58.379994
-33.271689 -58.375909
-33.263669 -58.376726
-33.215493 -58.392685
-33.198951 -58.394728
-33.178845 -58.392685
-33.159352 -58.38491
-33.143702 -58.373853
-33.120922 -58.36157
-33.109393 -58.351344
-33.096138 -58.327595
-33.0855 -58.281746
-33.077814 -58.231404
-33.071298 -58.208881
-33.065951 -58.200288
-33.058878 -58.174906
-33.045288 -58.15689
-33.025461 -58.140931
-33.008362 -58.120465
-33.002737 -58.087307
-32.996499 -58.080348
-32.971102 -58.086081
-32.958403 -58.084434
-32.948657 -58.096308
-32.923538 -58.111872
-32.90165 -58.116366
-32.882714 -58.113098
-32.870906 -58.113915
-32.834871 -58.123324
-32.807358 -58.123324
-32.787252 -58.136424
-32.759794 -58.139297
-32.734676 -58.144621
-32.690621 -58.143382
-32.668454 -58.139297
-32.636819 -58.151171
-32.622338 -58.151988
-32.59928 -58.159355
-32.569762 -58.158538
-32.558511 -58.162215
-32.547595 -58.175315
-32.540188 -58.18023
-32.519803 -58.184329
-32.491733 -58.195373
-32.458316 -58.202331
-32.417268 -58.195373
-32.39655 -58.184738
-32.38179 -58.18309
-32.366419 -58.174089
-32.358454 -58.163032
-32.353386 -58.147073
-32.34247 -58.130283
-32.320303 -58.110224
-32.309052 -58.104914
-32.284546 -58.101224
-32.269175 -58.102858
-32.250572 -58.100815
-32.239935 -58.106548
-32.16547 -58.174497
-32.159232 -58.179413
-32.147982 -58.179005
-32.107491 -58.171229
-32.090059 -58.166314
-32.070844 -58.145847
-32.059927 -58.14134
-32.030687 -58.138072
-32.009412 -58.142565
-32.001392 -58.150341
-31.9692 -58.157721
-31.954719 -58.159355
-31.93077 -58.174906
-31.907155 -58.195781
-31.898578 -58.199471
-31.874908 -58.202331
-31.867222 -58.201514
-31.850959 -58.187189
-31.845389 -58.172455
-31.833248 -58.149524
-31.827623 -58.127423
-31.82378 -58.103675
-31.824392 -58.088941
-31.819937 -58.077067
-31.81136 -58.0697
-31.780059 -58.055783
-31.756388 -58.0435
-31.715898 -58.032048
-31.706151 -58.024668
-31.682536 -58.015667
-31.636142 -58.000116
-31.595039 -57.982101
-31.58145 -57.980875
-31.568751 -57.986199
-31.552209 -57.997651
-31.529709 -58.006257
-31.509603 -58.031626
-31.497238 -58.066432
-31.481254 -58.080348
-31.46293 -58.081574
-31.446667 -58.071756
-31.427786 -58.044317
-31.416257 -58.020583
-31.412693 -58.007891
-31.3932 -57.983735
-31.387574 -57.979649
-31.368638 -57.98865
-31.360061 -57.990284
-31.316619 -57.980466
-31.295064 -57.958352
-31.286209 -57.951802
-31.236529 -57.926842
-31.205228 -57.915376
-31.188965 -57.911686
-31.127756 -57.909644
-31.109154 -57.906362
-31.092334 -57.88467
-31.072785 -57.874443
-31.048279 -57.867893
-31.031459 -57.865837
-31.000715 -57.873204
-30.980887 -57.885487
-30.961116 -57.891628
-30.945131 -57.899812
-30.933045 -57.913742
-30.918509 -57.914968
-30.911714 -57.907601
-30.906701 -57.894501
-30.908484 -57.880993
-30.917673 -57.854385
-30.918509 -57.834736
-30.912048 -57.825312
-30.867102 -57.801578
-30.849669 -57.800761
-30.829898 -57.805663
-30.8133 -57.806071
-30.794698 -57.799522
-30.782612 -57.797888
-30.75276 -57.807719
-30.713996 -57.808128
-30.686817 -57.81017
-30.662868 -57.835553
-30.644878 -57.841694
-30.618534 -57.847018
-30.597593 -57.864612
-30.58339 -57.88181
-30.552368 -57.883036
-30.514551 -57.876077
-30.503022 -57.870344
-30.49322 -57.860104
-30.474896 -57.849469
-30.464258 -57.839229
-30.457463 -57.827777
-30.442983 -57.792563
-30.419368 -57.763096
-30.395697 -57.712331
-30.38506 -57.694724
-30.369131 -57.67344
-30.343121 -57.642747
-30.275117 -57.622689
-30.26331 -57.617773
-30.249999 -57.616956
-30.228444 -57.627183
-30.207726 -57.643973
-30.194136 -57.65134
-30.183833 -57.649297
-30.175534 -57.633324
-30.179098 -57.603448
-30.17789 -57.585841
-30.192698 -57.56538
-30.219297 -57.554702
-30.237011 -57.557595
-30.25059 -57.56662
-30.261263 -57.56166
-30.273334 -57.548984
-30.284565 -57.524872
-30.284901 -57.512127
-30.289036 -57.499864
-30.28546 -57.495386
-30.267466 -57.487188
-30.265063 -57.465487
-30.276016 -57.451985
-30.274563 -57.427804
-30.280766 -57.413888
-30.28993 -57.420432
-30.302894 -57.420019
-30.299933 -57.409823
-30.304124 -57.394253
-30.278083 -57.377857
-30.270707 -57.366835
-30.274228 -57.357396
-30.284007 -57.350438
-30.275736 -57.339416
-30.270093 -57.320608
-30.257687 -57.314821
-30.260369 -57.307037
-30.283113 -57.296014
-30.292556 -57.286576
-30.292556 -57.27762
-30.280766 -57.267355
-30.271601 -57.267768
-30.267746 -57.256332
-30.284286 -57.254679
-30.290209 -57.246894
-30.290209 -57.221956
-30.286074 -57.202666
-30.264784 -57.194468
-30.251484 -57.175247
-30.248243 -57.166222
-30.234944 -57.1552
-30.224885 -57.164638
-30.219297 -57.162158
-30.207451 -57.167876
-30.19946 -57.167876
-30.190296 -57.158438
-30.184708 -57.158093
-30.176437 -57.147415
-30.1661 -57.14335
-30.1566 -57.134325
-30.140674 -57.127367
-30.144195 -57.110971
-30.126201 -57.104013
-30.126201 -57.114278
-30.117037 -57.116689
-30.115528 -57.084379
-30.099602 -57.084792
-30.085967 -57.068396
-30.099882 -57.067983
-30.098987 -57.057374
-30.10519 -57.044697
-30.101334 -57.031195
-30.087476 -57.022583
-30.085688 -56.993511
-30.088929 -56.981248
-30.097535 -56.976288
-30.101055 -56.955414
-30.093958 -56.932886
-30.096305 -56.916146
-30.112902 -56.90223
-30.103402 -56.893205
-30.089544 -56.888727
-30.086582 -56.873571
-30.093399 -56.869024
-30.089208 -56.850216
-30.09692 -56.822384
-30.104911 -56.818733
-30.109325 -56.80275
-30.122625 -56.796619
-30.126481 -56.779396
-30.132069 -56.776916
-30.150733 -56.783943
-30.158109 -56.781463
-30.164311 -56.771611
-30.160456 -56.758108
-30.1661 -56.748326
-30.171408 -56.730276
-30.180573 -56.718014
-30.175823 -56.709815
-30.188228 -56.708162
-30.204769 -56.696313
-30.196219 -56.684877
-30.200075 -56.678676
-30.197392 -56.662762
-30.206836 -56.651671
-30.213095 -56.656976
-30.224327 -56.6443
-30.23405 -56.641062
-30.246176 -56.623425
-30.257687 -56.638168
-30.267131 -56.627145
-30.260649 -56.614056
-30.269198 -56.608269
-30.28166 -56.605031
-30.29373 -56.619361
-30.301162 -56.611576
-30.293171 -56.602965
-30.294959 -56.594353
-30.289315 -56.582504
-30.291998 -56.573066
-30.303229 -56.573892
-30.320049 -56.553845
-30.310885 -56.545647
-30.314126 -56.539515
-30.333628 -56.535864
-30.344022 -56.550951
-30.352851 -56.542822
-30.359389 -56.545233
-30.358495 -56.521535
-30.371794 -56.503072
-30.380623 -56.505965
-30.385988 -56.495287
-30.396605 -56.490396
-30.397779 -56.481784
-30.388335 -56.473586
-30.3842 -56.46091
-30.401634 -56.452299
-30.414319 -56.443343
-30.422031 -56.452299
-30.431474 -56.438796
-30.434436 -56.425706
-30.43086 -56.414684
-30.439186 -56.412617
-30.447121 -56.404419
-30.447456 -56.396634
-30.469026 -56.405246
-30.485566 -56.389263
-30.49976 -56.380307
-30.502386 -56.365151
-30.491154 -56.355299
-30.505069 -56.346274
-30.510992 -56.334425
-30.523677 -56.335252
-30.531388 -56.320922
-30.530494 -56.307833
-30.522224 -56.289026
-30.53815 -56.288199
-30.560334 -56.275867
-30.554411 -56.264845
-30.566257 -56.25582
-30.571287 -56.261538
-30.583971 -56.261951
-30.587548 -56.25458
-30.573354 -56.244797
-30.573913 -56.233292
-30.58073 -56.22351
-30.59403 -56.232879
-30.597271 -56.223923
-30.60705 -56.219789
-30.608223 -56.214071
-30.603753 -56.198089
-30.604982 -56.186239
-30.618561 -56.17067
-30.624484 -56.182175
-30.630072 -56.180108
-30.641304 -56.164538
-30.655219 -56.169085
-30.668518 -56.162127
-30.680309 -56.150622
-30.684779 -56.13712
-30.693943 -56.148969
-30.705455 -56.150209
-30.71311 -56.132228
-30.720542 -56.127681
-30.732054 -56.131815
-30.739709 -56.127681
-30.732613 -56.106807
-30.753903 -56.094958
-30.756306 -56.08552
-30.746247 -56.07367
-30.751556 -56.064232
-30.768711 -56.065059
-30.773126 -56.05569
-30.775473 -56.038467
-30.784358 -56.03516
-30.786146 -56.022071
-30.800619 -56.022897
-30.805648 -56.011875
-30.818668 -56.016353
-30.819841 -55.994652
-30.825709 -55.982802
-30.849681 -55.976671
-30.86354 -55.969713
-30.88483 -55.962342
-30.891647 -55.940641
-30.907573 -55.928791
-30.9064 -55.91522
-30.912938 -55.912808
-30.935681 -55.893932
-30.937134 -55.880843
-30.946019 -55.873058
-30.957251 -55.847293
-30.991561 -55.823525
-31.015478 -55.793282
-31.016931 -55.78095
-31.010169 -55.766621
-30.99687 -55.769927
-30.997764 -55.753118
-30.988264 -55.74616
-30.980329 -55.745746
-30.980888 -55.732657
-30.967309 -55.724459
-30.953116 -55.723288
-30.943057 -55.716743
-30.95373 -55.708958
-30.954289 -55.702
-30.946019 -55.695455
-30.951942 -55.686431
-30.955463 -55.672101
-30.945125 -55.659012
-30.93596 -55.661836
-30.926517 -55.655292
-30.922102 -55.64668
-30.912603 -55.640962
-30.895168 -55.65288
-30.883098 -55.652467
-30.869798 -55.659839
-30.865328 -55.649574
-30.850855 -55.642616
-30.847335 -55.626633
-30.842305 -55.619675
-30.848508 -55.602521
-30.836103 -55.584884
-30.84672 -55.565664
-30.86801 -55.562357
-30.874492 -55.552574
-30.890139 -55.54479
-30.900197 -55.532527
-30.898465 -55.516957
-30.903438 -55.507933
-30.920593 -55.505866
-30.926237 -55.498908
-30.92797 -55.485818
-30.938922 -55.489125
-30.946634 -55.486232
-30.952836 -55.477207
-30.950433 -55.457159
-30.960212 -55.450201
-30.959039 -55.44159
-30.972003 -55.437525
-30.98357 -55.426089
-30.994802 -55.436285
-31.003967 -55.435872
-31.010728 -55.425263
-31.017825 -55.406042
-31.028163 -55.39867
-31.021681 -55.387166
-31.023133 -55.378967
-31.034701 -55.371183
-31.042356 -55.350722
-31.057165 -55.351962
-31.067223 -55.35768
-31.074599 -55.345417
-31.084322 -55.338459
-31.088178 -55.32661
-31.103824 -55.332741
-31.110027 -55.328608
-31.119191 -55.335566
-31.132212 -55.338459
-31.136626 -55.318412
-31.146685 -55.311867
-31.140761 -55.303669
-31.142549 -55.29058
-31.15529 -55.284448
-31.165013 -55.288099
-31.175966 -55.270532
-31.184515 -55.284448
-31.195188 -55.277077
-31.194574 -55.261507
-31.205526 -55.248831
-31.215585 -55.247178
-31.241569 -55.248005
-31.251907 -55.245938
-31.258724 -55.232848
-31.262245 -55.212388
-31.261071 -55.202536
-31.271409 -55.168159
-31.292699 -55.151005
-31.30097 -55.135849
-31.304546 -55.121106
-31.312481 -55.121106
-31.307172 -55.108017
-31.314549 -55.101885
-31.317231 -55.090381
-31.331704 -55.07364
-31.326674 -55.05807
-31.315163 -55.05931
-31.304825 -55.042501
-31.287055 -55.031823
-31.269621 -55.030652
-31.269062 -55.001579
-31.281188 -55.000753
-31.289458 -54.992555
-31.291805 -54.98477
-31.302758 -54.979052
-31.316616 -54.978225
-31.323713 -54.956938
-31.3388 -54.952046
-31.341483 -54.959831
-31.350926 -54.959004
-31.355956 -54.933997
-31.378699 -54.940128
-31.383728 -54.927039
-31.37842 -54.917669
-31.382834 -54.886117
-31.397642 -54.877092
-31.407645 -54.857045
-31.417144 -54.860765
-31.424521 -54.849673
-31.441341 -54.835757
-31.435753 -54.826388
-31.434244 -54.810818
-31.429829 -54.808752
-31.42955 -54.795249
-31.43335 -54.790771
-31.425079 -54.768243
-31.423906 -54.749781
-31.42955 -54.748196
-31.432512 -54.723602
-31.439608 -54.720777
-31.442514 -54.710926
-31.439888 -54.696596
-31.448158 -54.691705
-31.447879 -54.68268
-31.456428 -54.668764
-31.458775 -54.586094
-31.470007 -54.578723
-31.48096 -54.575829
-31.488336 -54.561086
-31.495712 -54.555782
-31.493086 -54.546344
-31.506106 -54.527536
-31.511414 -54.515274
-31.526167 -54.503355
-31.538293 -54.500531
-31.550977 -54.489853
-31.557795 -54.493159
-31.5702 -54.479657
-31.5702 -54.473525
-31.59177 -54.465327
-31.594452 -54.458369
-31.603617 -54.452582
-31.61306 -54.466154
-31.62608 -54.460367
-31.629936 -54.453409
-31.641727 -54.451411
-31.653238 -54.453409
-31.864856 -54.168542
-31.884358 -54.141123
-31.893858 -54.139883
-31.899446 -54.124314
-31.913025 -54.104266
-31.919563 -54.10592
-31.931968 -54.093175
-31.928727 -54.078432
-31.912746 -54.055147
-31.905928 -54.052253
-31.903581 -54.040817
-31.904196 -54.018703
-31.917495 -53.989631
-31.916881 -53.979779
-31.922189 -53.964278
-31.93018 -53.961385
-31.941133 -53.971994
-31.954991 -53.960145
-31.955326 -53.945816
-31.965943 -53.912265
-31.974214 -53.908545
-31.981031 -53.896282
-31.993716 -53.890151
-31.998466 -53.87093
-31.992263 -53.864799
-32.000533 -53.850056
-32.021209 -53.852881
-32.032441 -53.837725
-32.044846 -53.832833
-32.051049 -53.8349
-32.058146 -53.827115
-32.05904 -53.814026
-32.070551 -53.802521
-32.068204 -53.789432
-32.076195 -53.756708
-32.082398 -53.74727
-32.090389 -53.744445
-32.095083 -53.725569
-32.102179 -53.728876
-32.105756 -53.738314
-32.116652 -53.743619
-32.134702 -53.728463
-32.145319 -53.725569
-32.151857 -53.717784
-32.163089 -53.718198
-32.174041 -53.722745
-32.175773 -53.712893
-32.194996 -53.710068
-32.205949 -53.703455
-32.218913 -53.685061
-32.234615 -53.677276
-32.241712 -53.679756
-32.256744 -53.676863
-32.274178 -53.6646
-32.278928 -53.655575
-32.29016 -53.654749
-32.295804 -53.642899
-32.312624 -53.646619
-32.320615 -53.653164
-32.32475 -53.642486
-32.336261 -53.642899
-32.34984 -53.63229
-32.36761 -53.642072
-32.384151 -53.643726
-32.387112 -53.631877
-32.394768 -53.616307
-32.401585 -53.611002
-32.415499 -53.61424
-32.430531 -53.598671
-32.43556 -53.586821
-32.451821 -53.581517
-32.458024 -53.566774
-32.47015 -53.557749
-32.470765 -53.54342
-32.476968 -53.544246
-32.485797 -53.53033
-32.486691 -53.514347
-32.479594 -53.502085
-32.483729 -53.479144
-32.479929 -53.470532
-32.484344 -53.463574
-32.49172 -53.466468
-32.52128 -53.45703
-32.529271 -53.448074
-32.553467 -53.433744
-32.557658 -53.423479
-32.567996 -53.416108
-32.580681 -53.402605
-32.58599 -53.389103
-32.58219 -53.382971
-32.570958 -53.37808
-32.570064 -53.369055
-32.591019 -53.353072
-32.591298 -53.345287
-32.584537 -53.337916
-32.58571 -53.330958
-32.596328 -53.320349
-32.607559 -53.300646
-32.618791 -53.294101
-32.620859 -53.281838
-32.604318 -53.269162
-32.603145 -53.250768
-32.608454 -53.245395
-32.622647 -53.24257
-32.630359 -53.235199
-32.638294 -53.215151
-32.64159 -53.191384
-32.646005 -53.181119
-32.653381 -53.178294
-32.740554 -53.07103
-32.750054 -53.075921
-32.774865 -53.080468
-32.781682 -53.097209
-32.781961 -53.127521
-32.786097 -53.143504
-32.804705 -53.163965
-32.811522 -53.156593
-32.834265 -53.169269
-32.848738 -53.184839
-32.896627 -53.290036
-32.917583 -53.308017
-32.926188 -53.269162
-32.935352 -53.243397
-32.939488 -53.249941
-33.006544 -53.30843
-33.003638 -53.35755
-33.054154 -53.446834
-33.122104 -53.500018
-33.1558 -53.521305
-33.249511 -53.522546
-33.266051 -53.520892
-33.350598 -53.504978
-33.459061 -53.510283
-33.499854 -53.517241
-33.526453 -53.522959
-33.594682 -53.522959
-33.602673 -53.531984
-33.613905 -53.535222
-33.624578 -53.525439
-33.650283 -53.53281
-33.665315 -53.532397
-33.674479 -53.524612
-33.67895 -53.530744
-33.689008 -53.531984
-33.693143 -53.440702
-33.715272 -53.435329
-33.73835 -53.427957
-33.747794 -53.416935
-33.747794 -53.401365
-33.744543 -53.372318
-33.76287 -53.412464
-33.786798 -53.455384
-33.825233 -53.459545
-33.860693 -53.479579
-33.932513 -53.533981
-33.973299 -53.555325
-33.982462 -53.554478
-33.996639 -53.558176
-34.004921 -53.564341
-34.011716 -53.561875
-34.018217 -53.542611
-34.026205 -53.529512
-34.030924 -53.531592
-34.036543 -53.550779
-34.03625 -53.566344
-34.047782 -53.57089
-34.064915 -53.599478
-34.093875 -53.640857
-34.10392 -53.649872
-34.13466 -53.669907
-34.148856 -53.70019
-34.173371 -53.729317
-34.181947 -53.734171
-34.189935 -53.745267
-34.202643 -53.753821
-34.238397 -53.784951
-34.245485 -53.786569
-34.263518 -53.800516
-34.283626 -53.809532
-34.306379 -53.812768
-34.32085 -53.809532
-34.32735 -53.8046
-34.330913 -53.791115
-34.34037 -53.784566
-34.349827 -53.785799
-34.363416 -53.801749
-34.371092 -53.803367
-34.394451 -53.800516
-34.393863 -53.82633
-34.401539 -53.847983
-34.412778 -53.87133
-34.436412 -53.926965
-34.445575 -53.942992
-34.454445 -53.963874
-34.475729 -53.999474
-34.489318 -54.019508
-34.505863 -54.050639
-34.539854 -54.102574
-34.559357 -54.128773
-34.56852 -54.138251
-34.58064 -54.141102
-34.599261 -54.163217
-34.612262 -54.171385
-34.626457 -54.174236
-34.640928 -54.169767
-34.654242 -54.176702
-34.650385 -54.183637
-34.646547 -54.212764
-34.646547 -54.223398
-34.658667 -54.268013
-34.668125 -54.289666
-34.67345 -54.312243
-34.702997 -54.386293
-34.705954 -54.402244
-34.723399 -54.451405
-34.74437 -54.50049
-34.775405 -54.564754
-34.780143 -54.570533
-34.795807 -54.604053
-34.804071 -54.624164
-34.815015 -54.639267
-34.830386 -54.647435
-34.820323 -54.657683
-34.824767 -54.676562
-34.830074 -54.688428
-34.83393 -54.713395
-34.843681 -54.743292
-34.843975 -54.74938
-34.867921 -54.798541
-34.878554 -54.814492
-34.883567 -54.830442
-34.882979 -54.839843
-34.891261 -54.853405
-34.893043 -54.864809
-34.888599 -54.871359
-34.877672 -54.873439
-34.880923 -54.887386
-34.890967 -54.873439
-34.900131 -54.883225
-34.902188 -54.892703
-34.918752 -54.918902
-34.927309 -54.92784
-34.932341 -54.945101
-34.948005 -54.960666
-34.940917 -54.965521
-34.928503 -54.952421
-34.920515 -54.954502
-34.896587 -54.978235
-34.88623 -55.006052
-34.880317 -55.038801
-34.882685 -55.052285
-34.879729 -55.059297
-34.864652 -55.055213
-34.856389 -55.065847
-34.850769 -55.081412
-34.852551 -55.10268
-34.852551 -55.129726
-34.854314 -55.139898
-34.854314 -55.163631
-34.858152 -55.186979
-34.867609 -55.224659
-34.878554 -55.245541
-34.873816 -55.255789
-34.865258 -55.284454
-34.859639 -55.287305
-34.839843 -55.284839
-34.832443 -55.302408
-34.826529 -55.308187
-34.811765 -55.344634
-34.805264 -55.365902
-34.791069 -55.394104
-34.785744 -55.435483
-34.787525 -55.464533
-34.794613 -55.48503
-34.795495 -55.519397
-34.791951 -55.544363
-34.784275 -55.577111
-34.770686 -55.601692
-34.765654 -55.623345
-34.777774 -55.646693
-34.779537 -55.663105
-34.777186 -55.68522
-34.782493 -55.778149
-34.791657 -55.807199
-34.801114 -55.832166
-34.823867 -55.91893
-34.846638 -55.963545
-34.860521 -55.999607
-34.875891 -56.016791
-34.88151 -56.035978
-34.887717 -56.071654
-34.892143 -56.144087
-34.899837 -56.149789
-34.903969 -56.162118
-34.899543 -56.171519
-34.888599 -56.172366
-34.892437 -56.185851
-34.883567 -56.217367
-34.876479 -56.218214
-34.872934 -56.248497
-34.878847 -56.263215
-34.872641 -56.269765
-34.868509 -56.289414
-34.869978 -56.306982
-34.876185 -56.311529
-34.862008 -56.331948
-34.846344 -56.339731
-34.839843 -56.366392
-34.830973 -56.385194
-34.825648 -56.386812
-34.81856 -56.399141
-34.811471 -56.428962
-34.803189 -56.435511
-34.788406 -56.411393
-34.775699 -56.400759
-34.722793 -56.48999
-34.722499 -56.508406
-34.725162 -56.523971
-34.732544 -56.549785
-34.731957 -56.566968
-34.721912 -56.57922
-34.700334 -56.63
-34.689408 -56.661901
-34.683789 -56.689333
-34.681714 -56.71268
-34.673744 -56.742193
-34.668712 -56.785113
-34.663387 -56.822793
-34.654242 -56.835507
-34.640928 -56.869026
-34.637384 -56.882126
-34.609012 -56.902237
-34.596892 -56.907939
-34.573552 -56.946853
-34.537779 -56.992238
-34.531279 -57.005338
-34.517983 -57.024216
-34.505863 -57.049568
-34.497894 -57.061897
-34.477785 -57.072068
-34.468934 -57.081083
-34.458577 -57.083549
-34.442619 -57.098267
-34.431399 -57.112214
-34.420748 -57.133096
-34.416322 -57.158062
-34.409528 -57.21254
-34.408334 -57.300076
-34.416028 -57.332439
-34.412172 -57.358638
-34.405084 -57.363569
-34.40007 -57.397089
-34.410409 -57.432303
-34.418085 -57.448716
-34.404496 -57.457731
-34.402421 -57.467132
-34.403908 -57.487629
-34.414247 -57.513828
-34.430205 -57.540027
-34.424586 -57.557596
-34.415441 -57.564531
-34.406571 -57.579325
-34.403908 -57.59073
-34.403908 -57.616158
-34.409234 -57.634112
-34.415735 -57.645593
-34.42016 -57.662777
-34.440856 -57.725423
-34.437899 -57.73937
-34.44025 -57.75324
-34.459477 -57.759019
-34.463315 -57.768805
-34.451195 -57.784756
-34.451782 -57.803634
-34.45562 -57.809336
-34.458871 -57.827753
-34.458283 -57.853952
-34.447651 -57.847402
-34.434649 -57.853181
-34.426661 -57.867513
-34.425779 -57.880998
-34.410115 -57.896101
-34.391788 -57.893712
-34.369623 -57.896563
-34.349534 -57.904346
-34.334457 -57.91575
-34.323512 -57.921067
-34.308436 -57.943182
-34.28067 -57.963294
-34.265887 -57.980015
-34.257311 -57.98248
-34.236028 -58.007061
-34.231896 -58.026325
-34.220676 -58.035341
-34.218601 -58.050906
-34.214469 -58.056993
-34.199099 -58.056223
-34.193185 -58.063543
-34.184316 -58.063543
-34.173371 -58.069707
-34.16452 -58.089357
-34.15565 -58.117174
-34.150618 -58.172423
-34.151518 -58.197003
-34.149737 -58.202706
-34.138205 -58.211721
-34.128454 -58.213416
-34.114277 -58.208485
-34.0992 -58.212569
-34.084711 -58.212954
-34.055164 -58.228134
-34.029749 -58.251019
-34.01851 -58.264119
-34.009053 -58.280917
-33.988669 -58.288314
-33.970636 -58.300181
-33.949647 -58.319445
-33.941677 -58.343949
-33.933982 -58.347262
-33.929263 -58.358743
-33.928069 -58.37061
-33.916555 -58.380396
-33.90326 -58.397579
-33.885815 -58.406595
-33.85803 -58.406595
-33.842954 -58.398812
-33.83379 -58.398812
-33.818438 -58.407828
-33.825527 -58.42216
-33.825523 -58.422167
